555555251111551555555555555555255522555525555511131300000011211121100000000000000000000000000000
555555555512155555555555525555555555255525555513111300000012111212100000000000000000000000000000
555555555551555155555555555255555255555555525113311000000002112111120000000000000000000000000000
555555555555555555555555552555555555555525525111111100000002111111100000000000000000000000000000
555555555555555555555511151155555252552555555511131130000000000120000000000000000000000000000000
251555555555555555555511155112525211255255551111331100000000000000033300033100000000000000000000
111155555555555555555552155125525511115555551131333100000000022222144100333140000000000000000000
111155555555555555555555555555555511115555553155111300550000011111121000343300000000000000000000
552555555555555555555555555555525251315555555155515555555555551211110000444300000000000000000000
555555555555555555555555555525522251155555555555555555555555556666666000334400000000000000000000
555555555555555555555555555552555251555555555555555555555555666666300000334000000000000000030000
555555555555255555555555555555252555555555555555555555555556636663600000441000000000000000034340
555555555552555555551555552525555252552555555555555555555556666666000043411000000000000000034144
555512155511555555555555555555555555555555555555555555555566666666000044140000000000000000031444
555511125511515555555555555255555555223155555555555555555551216661000344400000000000000000443433
552111215525555555555555555552552555531115555555555555555511111121200004300000000000000003441343
512111111555555555555555555555555555511135555555555555551212121212100004300000000000000003344134
511212155555555555555555555555525555131155555555555555551221151111100000000000000000000043413434
155551555555555555555555555555255555511155555555555555551611221121110000000000000000000033433443
555555515555555551555555555555552555551155555555555555611666611362210600000000000000000000313343
555555555555555521555555555555555552551155555555555556666666666666666600000000000000000000434344
551555515555555511555555525555255555255255555555555555111211636666666000000000000000000000434444
215555111115555551555552555552555552525555555555555555212212111116666000000000000000000000000344
555555511121155555555555555525525522555522155555555555552211122111110000000000000000000000000441
555555111111155555555525555555555225555511115555555555551121111111211200000000000000000000004343
555555111111155555555552222155525255255511111555555555551121121122211000000000000000000000043441
555555555511155555555555511125525255552111121555555511111155111311311000000000000000004340001443
555555555521155555555555551125525555555111221115551511215555111131111110000000000000044343043413
555555555551155555555555555555555255155512111111211111125555513111311131000000000000043444044434
555555555551555555555555555555555555155111111112211121555512111331311111100000000000003131033444
555555555555555555555555555255555111111113111112111112115121121311331311300000000000004444443413
555555555555555555555555555555511131111111111221211111113111111111113111110000000000000000444344
555555555555555555555555551555511111111311121111111121131121111111331131110000000000000000434343
555555555555555555515555521551111111111311311111111111211111111131111111130000000000000000443413
555555555555555555115121112211111111113311222211211112111111111113131311133100000000000003441411
511111555555555555111111122111111111131311211121111211111111111111211111111002100000000001444266
111111155555555555111211211112231111131211221121111221211111112111111113111001111000000033466666
211111125555555555522111121111112111111112112111112111111111111121112211131001111110000033362266
111111111525225555511111111112211211113111111112121122111111111111112111313000311113000313666666
111111111111111555531121211111111112111111111111111111111211111112111111111026111111103311662662
111212111111211125521111131111121111111111221111221112111111121211112111161666111121101111666666
112211211111211212111113111111211111111111211112113121111111211111211116266666111111111111162662
112111111211111111111111111111121111111122122221111111111112121221111222266266611111111111266222
321111111111121111331311113131321111211112113111111111111111111111211112662666611111111111126266
111111111221111111212111111222131111212111111111121112121121111111112266662626661113111111366266
111111111111211112111211111112111211111213131111111111111133111112111122666226261131111111626666
111111211111132111111112211211111111212231111111111111112311321111111166666666162111121116266622
111111121111111211111111111211111133311111311121111121112111111111121126666662666111166666266262
111111112111113111111112211212111131131121111111111111211121112111112221666666622611166666662666
111121111112211111112111111112121133113211111112121211111111121111211211666666266211366666662226
111122112121113311111111111111112111311311111211112111212111111121211112666226661111366666666666
111221111112111111111111121111111111111111111112112121111121121111112116666266261111666666666662
111111122111112111113111121111211111121121111121211112111221111111113316626666666116666622666666
121111111211111111111112122121112211111111121111211211123132111111233116626666262616666666666662
111111111111113311111111111111111121111111211111311111111312211121111116662666616116666662266626
111111112111211166621113111211111111111112111111111111111121111211211116666666621116266266262666
111122113111111166311113111112211112111112111111111111111111111233111116622666611111162662262666
111311111221111116111112211121121111112111121131111112131121111112112116266666621111126213311161
111111111111111116113112111121111112111111111211111212331111122111211126666216111111131111111113
111221111111111216111111111112111211211121111212222111111111111113111166661111111111111112111166
111121211111211116611111121111211111111111121111112211111112111221111162661111111111111111111122
161121210011011216611211112211111112111111112111111121111121112111111666661111212111113111111166
266121111010061116666111121211111121112121112121113311131111211112316666661111111111111111111666
161211111000066116616611111121111121121211111211111111111111121211216666663111111121112111111626
161111111000066116616311111121111120011111111111133100131112161112311666666111111111311111111162
161122112210066136266621111111121210011111211112113000031100661112111666666611111111111111112366
161116266660066636666666121211111110012111111121200000111300661111162166666211312111111313111112
661126666666006666666626111121666620011111112111660003111100012111162166662111111511111111111112
626612666626006666666661111116666666666111212111666366661110002251166666662111111551311111211116
666612662666666626636666661116636666666111112111666336361310001151666662626111115551311111111111
666666666666626666626266666666666663666621111126366663661111111111111111161131116555116262111111
666622666366626266666663666626666366662661111116666636666161112111111216111111266652116626611111
663666666666666666626666666666666666666662111111666666663666111211212166631116622662666662211111
236626666666666662222666666666636666266666211223636666666666211611166222613116666666666611111111
666626666666666666262666666666666666666660011213666663666636162336666666512116226666626611111111
666666666666662266266666636266666666663600000066666366636666636636632666555216222665225511121112
666626666226666666666666666666666666666600000066633663636636636666666666525255256555555555111111
666266622266662666666666666666666662666000000036666336636666633666663666255555555522525255511112
666666666666666666266626666666666666663000000006666666666336666366636666552552555525555555511155
666666666666666666666662666266666666636000000000066666663636366666366266555625552522222552215152
666666666262662666666666226622226636666000000000066636666666666636366666663655255552555562555555
666666626622666666266266666266666663300000000000066666666666666663666666666665552255226262555555
666666626662626626666636626266266666000000000000066666663636666636666666666665555225566266656555
666666366662666666666666226626366366000000000000066000666666666636666363663666255555666666252655
666666626666666666636666632666666666000000000000000000666066666663666666666636555252666666666665
666666666666666266666666666666663360000000000000000000006006660366666636366365555555662666266666
666666366666666622666663666663666660000000000000000066666000000003666666366622555555566266666266
262666666666666666662666666366260000000000000000066636660000000066000666366655555555666626266666
666666666666666262666266662666660000000000000000066666660000000026000063266655522555266662626662
666666626366666666666666666666660600000000000000066366660000000000000006666655555555526666666626
666666666666626266666626666666666660000000000006666663600000000000006002666226555555552666666666
666666626266266666266666666666666600000666600000666000000000660636666306266262555555555526662666
666666666262666666626666666236666600006666600000366600000006366666366636226666555552555256266666
663666666666266662666266666666636260006666330000066000000666666663666662226262555525552222262566
666666622666666626666266666666666000006666336000063000000006666636666666662666666555555555525662
666666626666666662266666666666666000063636630000000000000006366666666666666626262555555555555255
